1000
872.3167717900169 574.9846669490976
826.979505725466 166.00006609894564
411.0805818993382 527.5646234197043
423.84774222711565 525.0240895854489
481.08953470730603 464.6982840946876
442.28724394633946 694.6084925314202
867.4549128579406 640.1153074225517
430.90618734342127 274.80059690915994
564.1840682567977 77.61371854780504
622.8996954798274 414.5782105418408
726.0266046361479 471.93619084759723
237.09152269142447 251.838678531995
657.2395758510436 921.96804878384
33.91896643548279 677.6300518286355
111.79486921007367 393.39333526261703
515.8470653552432 509.6970877002665
915.1366714006754 542.2891510051538
448.4024470941292 601.8465987520979
479.6106330132541 497.3203250409664
227.33997244277117 471.06851358536534
75.07121430643258 671.9324858120071
695.1921073874536 523.2987958683811
779.9886853638544 440.75168820222336
569.4014040201278 291.8240689369467
568.1208797473926 794.8419590383775
140.8098214243064 758.479197704868
295.5290609137593 581.1346444139558
888.7410615163755 512.2112029193669
458.62469573447964 691.734702188866
480.31927009307185 614.8437269593669
911.4208676500982 434.521884246142
498.3723528719306 504.4208809479517
520.7539734204023 490.58381112616837
566.2576432729202 573.7794751554587
492.84589150028523 479.8125349056021
523.0336631987237 455.17665680046895
586.8960308425937 579.0843495140241
571.7309703770787 375.13039107823687
506.367230438385 463.3452359865243
764.7714076069497 730.3665057789494
587.3364466105811 291.42362772318074
535.4525448643178 471.05220591786326
687.59590884406 546.891829134978
459.7202425878218 604.488917208565
498.52830744580456 420.23099452981785
396.3793669736882 20.323270179288272
500.5311090681876 517.3455710547315
489.43042426910114 485.3975160076242
184.6903320024627 429.5355480243225
510.30335024257363 505.3912378949557
202.79877484377937 859.4596851822876
842.5075872303465 602.0631030797624
378.7153699860214 524.1753777353615
546.8477193050638 445.5897955318982
426.61451386245983 10.43588906245833
359.02547112872514 536.8786228094511
304.3634629330596 542.5043839526571
638.3238857008471 495.30881183196595
353.43998513077923 384.23506168091114
728.1393390580341 145.65494606254794
285.01039495689895 563.0814478005942
369.9227880468676 248.47669764483493
660.9892173833854 221.16263976601226
774.2291640376247 604.0430544231165
827.7930487739479 581.1604558961028
943.6281812045784 543.4100802173012
140.74374106407254 689.5988044945406
577.1558834508687 432.60497833552046
146.20603318558926 813.4009705348544
648.5677433849544 508.2571909049778
438.8658298396581 753.7361899129967
774.1705403309745 903.1963916356528
852.5069273786314 409.009269669119
718.6552855874661 623.4163321516463
531.1055049338253 675.7913300822536
865.9620151482859 206.38623657702834
793.7213531832284 294.45400431240216
412.0561388097964 336.7846590256694
422.77106761588755 253.61006141500448
621.6513523557868 411.2227468901531
693.3302765091528 312.7282242726659
649.6064617381921 540.2485753843969
629.1854671125518 387.5144592644526
696.4911637208917 604.2490459206434
332.73243710937993 686.4653931796205
759.7887510873898 734.8333137549016
524.5377554990554 171.4433395837193
585.5019360331104 222.968885968991
319.6170701256763 413.91167920846345
686.5190854239141 357.5115704971727
677.1919529534808 178.2852561116664
483.4661073651795 475.6496397106416
144.70838613059612 204.36976519063296
559.0072806727172 61.56219749482079
30.148798125821372 412.1941509645948
472.43253933316856 511.97464389902177
767.3244568644795 447.6756165426509
865.1281062163993 612.5762004537066
806.6482441236562 804.773281862703
524.5521440652834 720.5060848153119
790.0251645883843 243.36805553725873
646.1297401576435 652.8437230636606
580.911338634384 269.9622308639317
631.5540175535878 569.6483575251407
923.9077344898676 714.9027930841629
475.8458302736561 225.98799106391164
667.3972282397053 940.8318188300791
707.6124315718297 891.2565526696869
759.886464343858 392.58036612894716
522.6136667617894 504.40901674932684
823.2327203124283 193.30918720193887
605.0015206277756 560.5131912000841
549.1775430749949 257.91804758201476
537.4784464478709 187.44188370686635
652.5005359687905 860.260434601674
564.7127777806221 94.67096502163474
626.4687544491376 404.39962226519594
628.8257970215154 303.6119014152172
537.8914795289005 429.88469439243045
279.4579396930783 408.8369110127429
508.86771837991813 267.6763155415015
400.52724730125146 768.5254631514331
505.3610317392251 471.5299351149515
27.315827610056544 407.63787903830007
776.851196206015 761.8772648840086
367.04618414336966 698.9678735081116
506.2822594161313 261.4868984544129
581.0829626145954 385.3876636477452
701.173184225463 582.7703448094315
605.4969454422118 515.362415165517
456.63606162967176 759.3147194263054
562.8479288186634 419.51281945201845
208.5820301176269 440.0170909094866
532.8289262602759 33.15011411224907
520.589469084674 448.97639168368045
464.46314645342056 513.5889388890296
452.6668661101334 589.4135287065308
428.2481453233393 549.1554481478981
764.4986512992939 257.9576290642717
203.12942040723215 832.5419027145797
201.10130677552246 794.1229641658375
699.6358132247415 818.1713449215856
724.7825091434556 790.1317681462994
620.6766755905846 449.20165122813677
546.3478584003688 632.6719432319694
508.4569798131627 114.11576121123767
764.7488248164424 455.0516340894645
677.8853846603204 866.0034575067169
723.5393303758824 773.9612792007291
208.40870113443214 141.83553485165908
480.4426207491293 225.13406643508966
639.3665190977163 548.5924172202788
822.1134897669293 380.7170459582624
228.66559568025315 487.16183252664257
555.5082545184521 505.8885686217272
532.2349300124209 356.05785558296884
643.7787614066385 478.90746977597195
367.1792823932558 520.4404694951602
367.3695065537187 655.3631980105213
366.8181645916456 564.2072336424942
493.73038584569247 497.032421125125
440.27157771365677 446.29284545393824
537.2370411331351 406.44975446823406
389.3512724463383 689.6797304533311
555.880763041652 462.8248292727595
496.279378624054 100.53096207208506
214.9817343872263 345.88241237155967
472.4917093317681 403.8557286717137
552.8077654653424 621.4291032636015
609.0074910861231 454.0597990758469
216.5358716126891 163.53420954122885
462.1924418261977 129.55076017243073
553.3236364499194 533.1162767292232
498.9952388543645 450.9801932132433
454.98153131807953 530.7409948811371
112.66719535039141 710.1321452098504
519.183286787116 510.83429058730206
532.2109080464929 506.6581476675852
733.1759626799314 823.6848685816547
590.1712008969071 875.0823875126216
360.2981607833606 494.4277423073003
437.5437619560779 369.21691196688266
862.2387614910541 729.4198868690253
34.285236121918444 396.9500557925852
291.59912318252515 940.680368992626
508.20020451887626 530.5845768086107
448.6885550184266 609.6217367116349
408.4108336857653 692.9677329349219
481.34939834444344 457.4275867357735
530.8227430310352 939.715672848738
249.63759839777777 93.75262735182332
175.47614230261433 646.2312618634774
693.3625143423561 571.5702475129699
254.72657819639383 106.85597592611146
139.36689439708732 314.3510552548729
547.1044488770339 548.2457612331256
537.6008300219212 133.54625804467224
454.84885674527686 578.8034048098098
599.4069645640046 502.54189847680084
389.29917580739834 511.5147064893386
141.18565283459736 249.97685865527754
308.21422041461483 606.619171405576
207.8800757680757 778.8683037606515
527.5229488337336 525.8931879266288
481.2096716974814 401.1304993855365
219.2119679760923 409.24705598020705
614.1479106970733 206.23883226991387
581.0578872664612 778.4039702549121
599.9690874171911 470.60954630921
634.1194523732346 593.1169736745148
404.04700520278 871.4137580551125
526.603232291424 279.8049288197805
744.9412065011859 414.61818534861777
445.35787071544013 764.4094599065619
57.76835642922191 413.41789452356954
929.7635259189791 516.742681007945
288.6427977739752 434.87654982379297
663.8439096912086 180.97543468234107
547.3911383931895 781.2440374305529
259.2687047888022 247.39061559835054
216.11459586756388 784.8931887691664
387.2382462957254 399.8531394785794
362.86259081579703 642.7941881442847
373.840966443551 198.55022447643915
119.29563338890927 179.26934387166
593.4475485913711 862.8465860592989
464.83322520560074 567.494145078283
400.81765279127774 487.48914799273564
371.54608739652383 492.52630684568385
391.7977876211394 746.8299462712624
75.88186304186183 458.575789092432
502.56865773546826 871.9097017825022
535.444608026531 462.45353094431766
38.937135351590314 337.36609670542316
131.58033923194205 817.4191014500414
418.2746743673077 287.232041836691
504.9541437857702 548.2653265730683
779.9848098756216 234.27173983250844
806.7166586525925 849.7239240957101
697.4619820044156 314.18858068406615
458.30378594413764 552.78522223594
710.4909923416992 342.12072612857116
299.34594335150496 513.4184438418763
523.3746792206315 366.064351876945
618.1471839088001 438.49539791228574
498.90275475649423 501.1953717123458
847.142173111368 630.3817990951604
522.4288363020819 20.642612990089447
97.68682343699334 508.91745064648774
518.3822250210892 503.06416681074944
516.1312507425595 429.28142881623904
721.6357247138648 74.55099814167068
710.5030301338826 254.8960817770924
687.2708800090087 669.7440353245256
654.7165741767269 701.534042513551
488.8548434544736 494.60288681486895
276.0063614096596 840.709073720775
553.0789917864503 907.9970902820489
468.88756355530006 487.25657673162414
396.9597179756338 922.9532793697044
553.0308627262507 651.906158980582
641.0158754170159 595.791705370836
585.2291636049916 566.2560376597738
240.09069471158818 744.8824168525919
503.99234973209343 502.60337760533065
410.8357141284971 280.3988424707824
586.8733853844342 497.65046649840116
527.4451171649642 565.1024491591695
135.88484969534812 306.6576214679859
611.0668925331768 499.9258174767791
542.8355699059462 534.6261660422581
77.78889788714895 643.4724863642062
502.35886587605563 502.95142411064904
433.85036867564395 374.37132840833954
541.0434277809367 524.662057380272
713.5627647279491 476.44132407658634
282.0232859114174 302.9561712129962
563.0235333380666 509.63721899224356
524.6726074874258 437.2238664747826
778.5294578088237 395.82811102276503
482.19672006559347 505.9770025213578
484.3115124873152 318.3354817062078
485.10530495919903 593.3374915958624
680.73630975445 510.34797206820224
590.9690338348299 393.6014705730372
69.1438721043138 744.1489909724475
626.1974576712345 534.160128124877
151.21494970201366 314.29673960848976
642.6047842948005 259.92953421179544
670.0465614580976 296.0756339298639
476.2829770138605 539.5135453160306
577.3369341914691 619.4384938916135
486.88200842949135 526.5212196292158
532.82397070092 454.8856159311501
630.8554126332766 87.46605963678985
523.4606095951451 521.8675950388983
867.807363067742 325.10760823156
374.0638466346938 447.785895552692
378.5370076344518 295.911428762956
315.498998230059 355.37502437336036
49.69225173693775 288.1328912108728
379.49271389117456 698.0755645769719
754.5112594883515 278.14959124978947
475.04838056269494 567.2717603887443
501.2089900874925 473.2479888037662
491.44757843553435 544.6680969473542
379.2844961095831 343.79674942400106
355.9040293843027 523.434099286179
613.0282998694332 777.7302917040429
481.12517801895865 597.9146365624791
480.0069598521064 485.17172709268755
465.9636811816277 320.48169084616745
647.7899268528702 154.6682832813692
631.517514791481 856.3280193085418
420.6579776183195 507.77587186211304
311.3480693295125 404.4335721201672
474.37309050323506 521.2376668051443
817.1992116906138 865.5676656667218
793.7039371012377 166.96816174977965
150.32631460801036 663.2583413822739
470.333302212914 450.80213458880985
804.3968396074108 597.133667972859
559.678734150134 620.9884591548205
533.6726412161285 771.5302805719977
686.0180923861021 293.2133475322499
333.55167170837154 390.79140346671085
503.0666222295784 415.9220511969736
192.4162835324595 714.5018933375113
435.8720439249775 803.2978683745185
441.5116205329912 358.0248517520655
420.5718954717034 655.7153455059583
915.6593874628766 352.6410569599967
436.57664720402755 360.79360781291484
426.7789109100977 619.8668567289697
186.99132522949185 161.59001457732575
526.9726494297205 467.45658635863344
661.2406254458047 516.3800558949033
596.0282143512211 420.33104768849824
645.2000831454314 897.3329206198495
686.3315340583877 547.7948206895256
485.6568730044223 469.10414420410484
267.506850756218 674.7061686469909
518.136803334524 296.69040385173713
392.84237493162675 213.18813970264983
368.04185521308693 65.72362353156416
531.0058870101042 501.77936538069935
289.9004880952218 389.08277944489714
484.66270072735756 575.5168052616424
185.56107203072315 709.7944292308865
637.0991743147447 250.822460997935
308.4589809881844 742.8056391859249
655.256484029395 818.9272479875356
548.8862385350138 859.8378375555282
205.69689017719378 517.9382146646217
630.5472066550658 223.64169814315989
673.0545886272316 490.5824905904589
150.4183630895801 595.3278508065907
295.9032423588374 497.2626354184699
562.827046225882 674.1811581088339
746.2471739149835 416.0522315193924
297.35383173166497 731.7644138020748
383.9797429096805 197.04993772686947
532.0457161011939 395.86818838157257
812.7012140656204 259.14807662513385
519.0878155993498 695.0709132166213
572.7577692997475 747.8562075777587
126.7260670972205 390.8766657471622
667.133646235207 187.70905743358372
865.626665907073 221.06220586036852
841.9986416402091 281.29495376343215
434.0990246533639 307.57094475459974
426.52711789698117 481.1123759633899
515.3221294248947 413.29308742381613
328.37690824359674 425.9878576604916
388.0047822600751 718.0732356441986
498.865295956684 503.38257274640824
634.3485121434353 456.3924720909354
455.3616621057649 405.2528769036813
450.7830350494547 430.42345275548143
405.3856323935411 511.97735632654957
459.61342716661204 579.6731551810667
508.7018200135948 792.3309457144062
153.4120922332835 544.5401624222607
525.909838432889 871.0214293546643
513.3851730770715 263.5603576364234
451.0160729406026 524.2313011256921
351.29785770971836 638.619764877752
628.2422313179625 481.73724323462085
390.78506748922666 740.4684122735734
475.9344723441382 500.1418200014534
603.3933561131382 453.98948495526423
520.7639471875597 577.5269436638979
467.45989801474786 541.6087710391122
438.8696006665261 635.9742139355228
174.7303762824563 758.5552319200699
636.2708321928491 552.1279304168515
316.77025927824445 419.53068240989074
494.55092005445493 505.39730837727654
520.7316244947604 501.9695962869601
577.1548066450154 571.7777825951529
470.99374250924325 516.9429182713417
835.7952345546585 722.0844288605609
681.9568603270568 549.3540288336415
536.5798468841496 601.9491987138001
564.9995798558881 412.82446147401134
954.7285897192098 531.3590109166664
275.14523246338774 500.4978435712638
961.8252148700931 431.9612894273739
351.8495254982353 141.87937092393378
494.6600549947015 492.1990048299274
516.7218015595554 510.15340269770377
844.9624289613055 300.0260556074207
371.99359749009864 460.9986497868456
269.7000652045858 460.33516623706356
563.5643312895947 321.4087477888231
549.4717255535037 449.37860775226284
348.2183139396104 669.8747410072483
888.4085344143745 649.5903466347727
555.0991838789246 391.84638827472816
349.4039867066808 954.7570936989885
624.1901679341977 653.3739862379381
155.40072224078 413.2439540805857
205.34493649182514 794.4439043980572
641.2773489361862 328.90586876948953
519.9822963999237 560.085380464026
562.1951697139091 255.67302659007152
422.02501748453176 765.6875268116147
447.1735962287989 274.59894695287596
562.2185836795646 536.4344640249743
654.7691901162893 277.54258759757477
719.1893809127872 736.1160176058213
604.5759785849289 506.0367690023688
513.9079539853981 815.4715136078771
498.2127003849671 416.4577322821531
550.2239471206677 337.5661965713018
136.76568777817397 486.17518612797073
555.9344586021986 517.0610517137834
759.9970002792268 778.3932451918354
503.9894078771283 799.3340488558481
651.5126178509827 384.0263909695566
735.2094042125548 103.61670538230737
381.09619239919107 492.74472375634895
190.4157644816711 488.6724870988414
48.260712843042256 522.8860281535773
729.9312450601606 365.0208834939192
423.72595715762634 629.7424907794782
891.6079891794636 670.90034666977
570.3979377944657 30.120867294980542
713.9532068329627 401.89439016061044
197.58465291698758 520.8262601495352
306.8592766880888 363.06255421127673
500.62371342171497 513.5099656848066
932.12238533404 490.6037958424642
954.1948060287953 635.5866136306371
169.36585474681516 375.6596905843549
734.9116892874144 342.8507794841798
602.520360115072 666.4082038348984
664.0607420832043 469.8629616606111
509.6953835883455 139.2257828931186
508.0050835008116 492.50062780514156
818.6325631576551 620.3638267690474
711.1956284856724 348.86911211829977
183.0358689282677 440.3069236863758
396.6245843261832 73.88048208449385
398.300995085816 821.7536081684689
178.09019031463225 335.8046053893702
473.153497030757 614.9281340534889
739.4077327143464 626.2408662150686
639.2215740644466 499.29486360691436
379.8401575917934 589.7553913598392
773.4915560006818 713.9056500677436
592.7333383081293 272.60577435562834
608.1947586732315 873.4684972581591
439.3725204978692 442.5375263663614
487.9537570603534 800.205252664824
708.3886659345228 935.6871783996281
241.75529946983647 851.9790980538502
617.1326042544563 584.209553233735
222.91115559543067 274.6422985407693
410.72155070388413 549.1479475490905
495.0802301993732 498.27135293417643
490.2369893960839 537.8461074787226
495.78393304601923 707.4549537212503
484.06552090390835 402.52241729319576
474.34635316963727 345.13826319267685
593.1493559375712 449.1263530380677
441.2349865716318 622.4316721645343
339.8927206980473 248.27257529776057
349.16446744309155 584.9411689343664
419.4620016470949 937.1044908687585
625.8393695651081 461.53636018308055
556.7359410373532 497.84339691265086
637.204451499731 599.1645053380781
128.69859149892682 817.9812930347807
550.0686370445322 505.8007136421791
364.1053281562895 681.3358457068687
613.3394324429485 845.2559048985638
366.4551303304137 890.0325017290235
756.2907535550953 686.5178333894868
248.6031607190527 598.5634539108522
497.6797425110801 102.4009308869999
69.78608113722197 716.7496817465978
576.4010305619341 713.8191840958038
515.7156352289735 592.2914178236781
526.0215811595483 784.9312333957511
659.2267241613985 290.1210005008709
626.7535604132403 483.82649908104344
147.99959083752162 212.90294329490825
686.5301924819016 383.0522521270109
444.8884636984802 396.8949637190508
958.8758799593539 637.8125945356308
536.5677805658092 137.7536274827562
297.35713973597 584.6835591203202
640.2902983364185 611.8015391948591
802.7591866806572 176.71050359574105
736.7360130817565 200.05793291177196
533.5338472568413 472.67857058562043
537.4324527779747 136.31016651773865
508.24351399360455 500.8517056968769
589.5196729997831 482.00673443341987
418.36165080543253 509.4074907861456
786.1590717207248 225.0507521932152
529.4145117953233 464.86369918068846
306.3669758800879 307.45747675453987
480.1266866895989 294.6776813262253
522.4661551108146 461.34743683182865
661.7155939396654 864.0503692415687
737.1728463257083 608.136848796919
434.23369280587406 984.8461261796799
543.0062586768961 771.2068634558851
580.9476508982406 918.8467287707376
500.8303014020832 535.3810429787891
23.127433652736443 455.45486849119703
358.6024996799722 290.77881341668467
390.49552179486193 296.74343358103624
712.0596784956982 668.5606038949219
640.9556946783046 432.9755100922474
564.171618441193 483.3460771407634
367.3787476017825 329.138832412686
584.1900617110358 500.5559323601047
496.91218901574695 501.62748150923454
684.9889747171499 230.81215809188683
908.4688735868431 738.4356494056218
267.88155532681446 863.15624161093
623.5261028354448 701.9382186140036
465.2191752675526 223.27104578475053
499.95992464187253 520.1989415222756
892.3476049060273 646.6907582188343
581.2589069120182 749.8067112809435
557.5537189722314 218.09998772200345
643.240811575807 332.6691894097837
657.3731371413965 817.1775410578167
790.1577957966215 106.59411667236662
531.6969690222677 489.03213245077023
463.45185789778543 461.74411589886336
493.03655422461986 502.1628000311091
351.2829606518983 661.800570803092
96.09697007004786 554.2187213617372
623.9199057363211 775.6573325488989
798.2515121158208 381.5571948603808
869.0530241543256 620.5675870650446
619.8135839339999 350.31269961764997
705.2240633875538 829.7704508539647
417.6601087997774 353.2757166317663
556.777437896916 648.8160954729558
615.7750141927323 547.8450862907408
811.4658788562313 502.29664550500314
659.5154445513355 412.0495745339476
775.442940966089 623.0964190674699
377.9578629343257 466.3297019575103
500.6064829810604 614.5748091959963
298.85071929893627 213.72110948036828
247.2962917120299 405.61649567046464
456.3487846755962 529.8361381105354
807.2470696720045 272.0737682008076
399.7260696804699 110.64577501571955
582.4126246025133 176.60049440459352
650.9174987185469 342.84305289095187
884.0338944459536 720.6661778150816
833.9020338789264 308.4006339926757
537.4467181194556 479.0139625168048
647.5793797162432 670.1349333533009
634.0227670012564 431.0590248358119
551.7225250400121 604.3983840963837
567.6274559578331 249.91284788702194
817.5125682471557 722.4313871497723
452.05797891200183 435.5795018612072
278.1063543344452 905.4449892686088
385.94759932661464 114.14088728408478
524.0569399516279 481.6962589181359
560.513549503748 577.7310106661756
684.2785094740086 601.0703161076538
940.2796555309064 360.6663176558985
817.1817297143464 788.6042333749856
449.8038825506185 576.389616906874
830.7086705382628 266.21504068060295
725.9689308398788 471.44025584005243
557.4462032367925 355.9806867204809
710.5250659996004 493.2335113013222
527.224905820877 285.39785838928407
896.08962127617 434.87728042408185
464.8072713943448 605.9560828621553
792.9908199236922 309.2540154353255
837.6200140347929 493.4724307698305
125.56298469431357 717.3412056688262
556.086681400871 509.5095432852741
610.1515875079604 561.4887624955286
312.49843742592077 249.99934843153883
318.8457568744992 640.5478625860728
739.8867081139941 529.0691717643743
483.74690347020265 807.7450379259182
883.7429718786136 446.2998715140963
178.7311590843202 506.34958019970884
74.96006481615086 274.12927324300256
460.0276916879432 472.43454144806327
361.041172930601 520.3532765977774
786.2704708514399 593.8549399243104
667.8512651394752 389.4123739119192
300.96824382365554 212.38406115458037
290.86807796034975 415.3300813043223
630.8727924033651 473.35044744491375
255.76807666712662 721.6824462718223
475.5217536514429 535.4502569889728
804.9521776260729 672.5422974410911
260.366818625511 492.82479110584154
455.1923647330871 810.1491481675914
772.0842549929575 517.0597209674823
573.0424130887967 584.9092992083
601.9442324592837 449.29124245072154
409.31204295644756 747.205428261405
413.89689655336736 86.92584094804619
445.12510998108326 575.6753672293471
483.1479421701061 822.8578043596732
91.3575981494966 423.0641298577907
579.4663091816446 957.6415090555258
569.4511661929929 632.4104022698294
331.70889156646956 476.01125882179497
467.5398723621623 561.3387619699727
580.5896618878783 211.76398638180655
299.2958536589364 731.719977558761
534.253817701304 372.2443969468059
644.0275515444094 746.2261960922732
496.88550381138 489.14517668648614
214.82235142615104 98.61337858727637
358.98287425301805 484.7696268145282
477.72788783481036 291.4595091445998
448.4424008616497 678.9567257731399
255.99089643918845 113.8128589395368
503.00216656168317 461.05182849445936
389.1582698097456 659.5265549854437
573.4232468871338 514.7667247547871
599.8839581374253 527.4009241883742
710.9051808959947 336.30437601925877
434.3535192800644 286.5414811772623
416.8936941687107 526.8996204361948
173.09665689203547 183.51014425240362
674.1879955088617 163.67994871589553
411.03306139282046 796.5876107464417
481.35773052879443 883.7313464273642
627.7328044130943 256.97133279855797
489.804605309731 562.7216823103254
667.6503717889134 187.36091542272203
714.5269436288183 509.5941243428393
520.9425193540407 515.1270764016191
485.094016054021 473.2601661869378
669.111881124009 751.7397385193658
499.9489259643103 462.0221235096658
213.14331085281174 566.2617391804963
702.7773752029525 527.6143183538886
384.90250927524374 741.2442354555847
212.9272805181593 104.00713814216732
643.721574687376 807.1796799810494
504.07425111799614 804.0898143918077
336.89601018659465 601.5436977932187
667.7757316533451 72.02313540320267
411.7117225920045 623.7741874820003
531.8836276066625 534.8850062028085
183.44156914368955 549.8853068911839
277.3331549184702 900.7986498193586
438.8709023207056 417.7000081405558
573.9696471536997 854.8800338853649
758.2834815827138 700.393557098404
523.0455264801792 506.7900149542157
515.8879499632344 567.6961549673243
518.6429922696276 858.2227577463846
475.7702648368113 497.63435064528755
759.8916959301278 499.0924027791207
668.6275809342774 878.3383886684686
62.56732855571619 616.6924272214467
324.44029540111353 490.90421681716566
883.1405960243444 279.53771733337334
549.448401760763 741.4723957434383
948.3050256311519 436.3782071010012
544.2932866810909 525.8811193102747
141.76556411361076 596.7897086183709
514.5588664347239 550.3707082827211
126.58874799923126 778.1420074034986
208.82214420068493 245.10360393348998
441.4007697074757 56.507003384009295
789.6397972282946 723.7160995281221
239.16657505717535 699.6164637779686
824.0713913629162 285.34417612252776
466.08610764255803 224.68740778465695
369.190054835085 438.6414990232943
700.297813052729 914.589134886186
714.3915736656701 499.97984754827803
225.22557352801357 181.87642248599542
495.63159060508826 478.25526281072706
524.4652725834701 426.65276835889847
533.7129582674016 475.28026314782477
108.95405456656857 461.4942249941035
154.99427758685437 169.21905158953365
279.53318351500167 664.6095645173738
411.6612510010727 634.5187725476057
494.1406959226177 498.14911663655823
615.1705922871945 499.31515576459265
618.8133441295781 280.9967425086222
355.4355777422154 558.3423945119602
505.0467169599362 503.85631024234334
344.3612708928774 374.49836070315496
437.2899396483798 490.9513758873485
520.7921433750619 455.53459931759267
746.2703471140311 202.91273725168662
136.07787216760534 659.3701255159335
473.8921949363499 453.85458494433885
597.2246896622604 452.2360968747094
497.0014078665528 510.7857022261379
871.2489565391861 602.1658839095787
463.2867967876599 406.7970697978773
736.2292943989543 436.37339481553806
880.928912140296 465.6786492586754
806.3661737638442 356.6391846264198
536.9056016240157 513.956876533518
725.629745533108 440.35009219635526
312.49294562951104 404.30879627799453
849.6368437190054 560.2087752709494
531.5847222376199 972.2730526073956
414.0990651540975 512.8852689686478
764.4355111140749 459.6511441690325
201.11457270392737 445.92178963423873
616.463254087198 491.7714548082937
682.9630565607333 115.98597546205417
203.71712739794003 834.3046039698697
553.5487794649542 390.4376187185142
782.5019568876287 724.6652746310338
77.62924980708192 682.2405112143471
503.52162632152994 483.3848124965215
511.6912357583606 514.860034886923
525.1084365578796 342.2452356188386
396.18831899779246 877.5557594536461
195.13758059020984 451.16775983580317
683.1650631938675 414.25877348318085
821.7078131734611 666.2255730069569
472.1403972063539 477.36777121584515
663.7222412036756 564.2115274710258
283.55275310488815 924.756696937347
341.95523321238227 59.97862978444999
538.9610736886048 511.6220898413932
907.1537035333183 300.0717314838041
203.84383490811405 748.0134242607173
552.7490423114124 512.3684069762305
608.6402698669157 133.19402563863702
370.06627883539875 460.95143313539575
202.99909305776646 490.76929270839304
498.35930223015015 498.37104967173985
506.01538890030923 514.2756494531742
383.5305879502446 631.5622107411562
230.2665068021928 278.0142600816386
396.9871503457108 486.82247686616813
704.0334294539291 689.6837490102437
338.54364343297465 473.33720232571056
397.994775798418 248.08145132779572
820.8441874803168 128.69642600618891
396.90496319436727 436.16888407389087
850.4072561695968 403.0732311045107
388.5386982805078 610.2788723329477
389.6260095944206 883.298724933489
140.16668771689007 611.4121466656546
713.7490521056338 463.2892875858564
528.0501826796439 399.54505515046384
256.629848861431 271.3244851229215
429.26764462118626 565.9928048678618
460.37375968731817 514.4463097508018
826.3907860533836 492.90218415770005
154.00700905601207 779.0699531652363
186.15496153048161 624.1350267562273
586.281940290634 461.10162271720054
602.452336326601 520.5620904627319
913.7246678075844 470.5722561701966
500.0758681470653 188.594616063359
665.9299869774729 325.69954682102116
362.7339112142701 609.7298083297909
581.256843216978 655.5662496509638
315.8465605712638 530.4818236327485
765.8775601277905 535.5307822623301
407.9758476388422 368.73383441389666
428.4453690210537 739.9876515523433
538.9261532473894 3.8556479094408473
432.00061877664746 234.68489529050777
586.6920035750774 568.2884654649331
311.4262698700719 561.5704760659125
701.175373262275 800.0500466338301
735.6387256538753 699.6574991753964
529.5407921893436 388.91253412096523
576.6894606210783 300.8936499847168
120.1029611604738 278.37709136989037
577.3724395773536 741.4277298386132
698.0493688549188 495.1463640174039
830.6648270086233 343.623467114819
472.7935257072344 310.1102210175569
272.70739103696076 831.3002578965511
760.7394105811094 86.05519392277506
257.43550570202706 527.4654667748135
703.7881470805622 392.8836529749009
598.8289460602617 796.7662366425469
607.0919826679938 563.7229111555984
810.7249618855255 842.8623161485546
438.5444228746336 465.61073450120534
501.8679841926656 419.52929482582545
369.2421143089601 534.0983283909226
688.107139751895 749.594592124204
112.85585568532855 193.15000323568614
189.052756483211 286.6465488929615
308.2278290579307 344.73651176288786
157.40576081195462 375.09640329144463
385.268176869378 407.20959199325245
623.511604635929 565.7690800061401
842.9076714167488 196.26541352199467
533.9563528698225 496.44736724505987
472.2339655350045 828.1666558703432
410.1833693314208 110.90468751693038
345.56796204844136 973.7739723786187
864.4320251662649 427.7180193179229
243.3496155240117 376.03637554028217
583.1689540416158 533.4347495761939
570.8106168849521 709.2848406279862
292.5016500886907 330.6799011716257
689.1194327491984 905.0280665322191
933.627576532132 381.6454343119557
554.1307457465016 526.2684656158567
265.6027687254126 855.448839524824
500.0295057253183 868.2305007061964
411.76514626744233 497.76411550685697
530.4016426160642 573.3037366602745
856.9218455650328 719.130697975697
250.75546564213164 427.8606187747397
114.47652772735188 652.4944841430454
415.6416879819319 579.8272365851865
723.5139830402904 441.25159427201856
333.3525059972218 249.27127160222307
700.5506814468426 843.040703394886
801.2444566852846 388.05068490203166
548.953936644667 421.48006874069307
773.1186757166925 152.80990268807682
410.7114122046223 667.5722378245184
512.4800115490137 491.2497266954366
391.6122388047913 662.7855400248583
819.3535224842437 658.2336299169361
36.79009717386998 682.3253093770782
492.3346218587438 505.3385814690214
542.3748689456334 513.6514354282785
398.84387923236505 501.9441349010468
651.4875620220429 293.1203478780775
53.73187463278066 557.0934713446449
529.1262825758513 265.39407102098585
503.0518694024782 501.66415151549523
918.1550625004238 524.4478206756861
497.3047179921499 481.5396612387243
831.4762702347098 804.2794230667846
502.2608683396531 509.9914295257584
464.06277602249213 88.20029581356107
738.8437707249486 173.88796135292216
413.35091508760365 402.3739380254476
431.5573388440439 224.07114981747907
733.425561582229 372.02256324370444
367.2891415125347 780.6377463171841
596.4133761617752 972.5691156431756
9.217170849293097 440.0161345697554
629.1109664389683 598.1525050920914
572.7596726153581 406.25067466619765
517.177590174384 381.4502916819248
502.257432141042 473.8116755825859
458.3799643056393 792.4701565982461
512.8915526595883 700.1384341304332
367.96053783561257 469.4986322248135
733.4148955149374 353.0678354696191
598.3480788326137 26.503922713423265
737.560606946185 672.7233764271257
376.074670382379 335.56996280810944
334.30115043979754 635.8327926114955
316.2604087473776 584.1998914276346
909.6564558892185 286.1828978600754
451.62187313673024 535.1380055147422
669.5489647058905 393.3082731976611
301.10791056257995 636.767367227299
471.34082327137276 751.1310654942416
101.65227135597377 485.61924214473186
607.765093912133 241.54531915143718
830.1920130709366 503.74261265401594
497.62567453278183 457.3813170664424
392.63602266575066 126.55679213850004
299.0380492696195 846.4460489203943
751.0710384247022 75.89401669053575
299.03480809198084 619.6847490976799
663.952894651266 403.5912136092957
513.8833561464638 499.43007164854635
576.3061457540855 173.22327070449143
115.45510897755099 717.7041730984724
355.0127278529179 595.3287133459248
45.405181013294964 327.50309414342325
393.17184280476465 592.7521028934859
554.7252521696986 507.9521157477216
284.44529509815254 249.6407793936056
620.7588856889649 306.984121339798
797.8735712212022 682.6687350925272
520.2187912990399 96.857689950196
692.5950957589315 324.48498869015145
792.1234430981469 685.6285291164413
365.49744939766896 626.3164040625805
343.31635345430345 213.3781241983133
380.4181838912944 855.6652678920464
612.4443882006159 157.83001266960565
433.1676727339986 485.86992529636774
617.1246316547212 675.7006392084078
432.88850682915455 656.7767048060289
457.40642376262593 292.2665886712622
470.6218701631899 226.61524067875052
340.57561008717676 663.7519873153327
273.8763393044467 558.4590206294473
876.902915890709 346.26494650400195
635.0124706934134 134.8513615599755
430.7263084245002 175.52074580880225
523.0167336983473 594.9982041288813
152.5421103768037 281.0752863607294
690.1912836013106 175.6024258995679
447.68710588046724 542.1971160144458
482.43611976627534 268.3591320097988
534.4459117976486 197.6112895412718
688.4291203266487 165.22029402017546
428.19518534226484 88.53823307158194
532.3096361783104 627.7361790308063
271.99686808906097 334.2106364647095
729.6652271543919 109.99611427917807
123.50498238879112 484.9776025792587
310.4893257399815 407.20835155762853
853.8022321185133 372.5131233633508
549.4901804541315 405.55755122817135
570.7390615718169 308.26628450076083
196.07338246613057 484.17349258633516
322.7093504360324 145.76769580166234
459.81361646293846 416.8930973297959
56.5106806101781 504.20902136658225
566.5815550940765 472.9146227912338
687.7474541775946 471.006210499711
393.9353968805924 419.2580872625434
384.6290006183593 183.89688764043552
49.84120962316598 345.6758762485822
482.80347510159066 502.35436567737736
713.9504508834709 304.37086045691126
828.8666417796137 144.50020760367664
497.8135888930935 28.717734179989804
422.93117640589367 342.6415179150483
568.8834500741676 536.1490500234145
644.898148423767 437.49703255145516
523.1603870722249 178.69954677942877
476.66545826342445 504.4821065911355
678.522401859391 630.2950476549247
659.6600766176491 206.11193413625676
502.7772465572598 515.9035714090159
568.7015867510432 610.8202594820141
404.8021881493554 545.9801128953901
186.49818999080276 285.4424242735587
463.74694079306454 434.8269725266842
445.84161004652424 297.4731909271705
861.6626416859441 662.6138916819964
359.5333658653655 21.25140731450682
588.8647938575099 23.410420131228307
72.09130905960751 668.5090077328398
424.1231446500627 851.2592512749391
472.2975998528031 575.3353006618125
978.6026570436295 414.30844530417335
502.274356044094 500.4848666907606
255.1112565155808 694.5690184135299
531.0303727146404 482.78072500959763
696.2739327878594 594.5588946356669
512.261604094767 212.87372223886092
805.6601201283164 887.3596822254378
672.5452756535376 397.1609044184204
849.2711581462268 368.1451503739585
557.7341505112663 553.6003747274408
982.8345257156891 402.1738872463399
722.9331472892078 264.7783012091721
397.32421535391677 18.303795662179482
541.1268717315908 455.23164421251954
489.3451821707452 834.2061720854051
497.94762594399253 502.18336165135213
362.6716601277956 421.29371353111327
478.12928183940505 497.08385747383403
788.125282725823 189.7110562049242
445.8233299506848 412.22422800480683

